28,17,22,18,10,11,17,16
17,20,16,13,7,6,10,15
22,16,30,23,17,16,21,14
18,13,23,29,18,16,18,14
10,7,17,18,18,11,12,8
11,6,16,16,11,18,14,5
17,10,21,18,12,14,24,9
16,15,14,14,8,5,9,21
