29,19,24,20,12,12,23,16
19,22,18,16,9,8,15,15
24,18,33,27,20,17,25,15
20,16,27,30,20,17,25,13
12,9,20,20,21,13,17,8
12,8,17,17,13,18,15,6
23,15,25,25,17,15,29,12
16,15,15,13,8,6,12,20
