26,16,23,19,11,11,19,13
16,20,16,15,7,6,12,14
23,16,32,26,19,16,23,14
19,15,26,30,19,16,23,13
11,7,19,19,20,12,15,7
11,6,16,16,12,18,14,5
19,12,23,23,15,14,26,9
13,14,14,13,7,5,9,18
